{
 "cells": [
  {
   "cell_type": "markdown",
   "id": "6fcffd2d",
   "metadata": {},
   "source": [
    "# 优化 双模"
   ]
  },
  {
   "cell_type": "code",
   "execution_count": null,
   "id": "a7a2350a",
   "metadata": {},
   "outputs": [
    {
     "name": "stderr",
     "output_type": "stream",
     "text": [
      "/tmp/ipykernel_3996230/764668657.py:174: UserWarning: A JAX array is being set as static! This can result in unexpected behavior and is usually a mistake to do.\n",
      "  A_gen = Alpha2RowMultiModeWigner(\n",
      "  0%|          | 0/15 [00:00<?, ?it/s]"
     ]
    },
    {
     "name": "stderr",
     "output_type": "stream",
     "text": [
      "100%|██████████| 15/15 [00:00<00:00, 178.89it/s]"
     ]
    },
    {
     "name": "stdout",
     "output_type": "stream",
     "text": [
      "===============================================================================\n",
      "                                     CVXPY                                     \n",
      "                                     v1.6.0                                    \n",
      "===============================================================================\n",
      "(CVXPY) Dec 11 04:26:47 PM: Your problem has 625 variables, 626 constraints, and 0 parameters.\n",
      "(CVXPY) Dec 11 04:26:47 PM: It is compliant with the following grammars: DCP, DQCP\n",
      "(CVXPY) Dec 11 04:26:47 PM: (If you need to solve this problem multiple times, but with different data, consider using parameters.)\n",
      "(CVXPY) Dec 11 04:26:47 PM: CVXPY will first compile your problem; then, it will invoke a numerical solver to obtain a solution.\n",
      "(CVXPY) Dec 11 04:26:47 PM: Your problem is compiled with the CPP canonicalization backend.\n",
      "-------------------------------------------------------------------------------\n",
      "                                  Compilation                                  \n",
      "-------------------------------------------------------------------------------\n",
      "(CVXPY) Dec 11 04:26:47 PM: Compiling problem (target solver=SCS).\n",
      "(CVXPY) Dec 11 04:26:47 PM: Reduction chain: EvalParams -> Complex2Real -> Dcp2Cone -> CvxAttr2Constr -> ConeMatrixStuffing -> SCS\n",
      "(CVXPY) Dec 11 04:26:47 PM: Applying reduction EvalParams\n",
      "(CVXPY) Dec 11 04:26:47 PM: Applying reduction Complex2Real\n",
      "(CVXPY) Dec 11 04:26:47 PM: Applying reduction Dcp2Cone\n",
      "(CVXPY) Dec 11 04:26:47 PM: Applying reduction CvxAttr2Constr\n",
      "(CVXPY) Dec 11 04:26:47 PM: Applying reduction ConeMatrixStuffing\n"
     ]
    },
    {
     "name": "stderr",
     "output_type": "stream",
     "text": [
      "\n"
     ]
    },
    {
     "name": "stdout",
     "output_type": "stream",
     "text": [
      "(CVXPY) Dec 11 04:26:48 PM: Applying reduction SCS\n",
      "(CVXPY) Dec 11 04:26:48 PM: Finished problem compilation (took 1.567e+00 seconds).\n",
      "-------------------------------------------------------------------------------\n",
      "                                Numerical solver                               \n",
      "-------------------------------------------------------------------------------\n",
      "(CVXPY) Dec 11 04:26:48 PM: Invoking solver SCS  to obtain a solution.\n",
      "------------------------------------------------------------------\n",
      "\t       SCS v3.2.9 - Splitting Conic Solver\n",
      "\t(c) Brendan O'Donoghue, Stanford University, 2012\n",
      "------------------------------------------------------------------\n",
      "problem:  variables n: 3626, constraints m: 13277\n",
      "cones: \t  z: primal zero / dual free vars: 1\n",
      "\t  q: soc vars: 12001, qsize: 3001\n",
      "\t  s: psd vars: 1275, ssize: 1\n",
      "settings: eps_abs: 1.0e-05, eps_rel: 1.0e-05, eps_infeas: 1.0e-07\n",
      "\t  alpha: 1.50, scale: 1.00e-01, adaptive_scale: 1\n",
      "\t  max_iters: 100000, normalize: 1, rho_x: 1.00e-06\n",
      "\t  acceleration_lookback: 10, acceleration_interval: 10\n",
      "lin-sys:  sparse-direct-amd-qdldl\n",
      "\t  nnz(A): 3555109, nnz(P): 0\n",
      "------------------------------------------------------------------\n",
      " iter | pri res | dua res |   gap   |   obj   |  scale  | time (s)\n",
      "------------------------------------------------------------------\n",
      "     0| 2.00e+01  1.00e+00  2.01e+01 -9.94e+00  1.00e-01  1.92e+00 \n",
      "    25| 9.42e-06  4.13e-07  9.57e-06  4.64e-06  1.00e-01  2.11e+00 \n",
      "------------------------------------------------------------------\n",
      "status:  solved\n",
      "timings: total: 2.11e+00s = setup: 1.90e+00s + solve: 2.10e-01s\n",
      "\t lin-sys: 1.78e-01s, cones: 9.59e-03s, accel: 1.02e-04s\n",
      "------------------------------------------------------------------\n",
      "objective = 0.000005\n",
      "------------------------------------------------------------------\n",
      "-------------------------------------------------------------------------------\n",
      "                                    Summary                                    \n",
      "-------------------------------------------------------------------------------\n",
      "(CVXPY) Dec 11 04:26:50 PM: Problem status: optimal\n",
      "(CVXPY) Dec 11 04:26:50 PM: Optimal value: 8.555e-06\n",
      "(CVXPY) Dec 11 04:26:50 PM: Compilation took 1.567e+00 seconds\n",
      "(CVXPY) Dec 11 04:26:50 PM: Solver (including time spent in interface) took 2.128e+00 seconds\n",
      "solve time: 3.7215890884399414\n",
      "status: optimal\n",
      "optimal value 8.554640789341137e-06\n",
      "fidelity: 0.999999002251173\n",
      "rho_reconstruct Quantum object: dims=[[5, 5], [5, 5]], shape=(25, 25), type='oper', dtype=Dense, isherm=True\n",
      "Qobj data =\n",
      "[[-3.77088977e-08+0.00000000e+00j -1.54408687e-08-1.83172043e-07j\n",
      "   3.97045290e-08+1.26789203e-08j -4.23943778e-08+4.81680226e-08j\n",
      "  -7.58917718e-08+6.33601670e-08j  5.45152641e-08+1.75562887e-08j\n",
      "   3.13468862e-08-1.19734309e-08j -1.61358407e-08-1.47206181e-08j\n",
      "   6.43909780e-08+3.11318483e-08j  8.34505898e-09-1.49897489e-08j\n",
      "   1.31998306e-07+1.44302438e-07j -5.82658153e-08+7.36345893e-08j\n",
      "   9.57848899e-08+2.16476989e-08j  1.03247981e-07+4.38353350e-08j\n",
      "   1.90637637e-07+2.70390394e-08j  1.14781329e-08+5.65461880e-09j\n",
      "  -4.27019407e-08-5.14038541e-08j  8.17410711e-08+5.14783494e-08j\n",
      "   2.70619097e-08+7.59533754e-08j -6.47084430e-08+1.69778227e-08j\n",
      "   3.88158464e-08+2.84756636e-08j -1.59134672e-09-5.73336986e-08j\n",
      "   1.33320647e-07+5.44563751e-08j  7.81956140e-08-3.40225392e-08j\n",
      "  -4.51721759e-08-7.49960853e-08j]\n",
      " [-1.54408687e-08+1.83172043e-07j  4.92355850e-08+0.00000000e+00j\n",
      "   1.47493968e-07-3.08973123e-07j  4.37615881e-08-1.40786629e-08j\n",
      "   1.13757724e-07+1.07237022e-07j -5.00483621e-08+1.79235356e-08j\n",
      "  -5.07085184e-08-1.07351748e-08j -1.84114098e-08-2.81311467e-08j\n",
      "  -8.79819517e-08+4.03921417e-08j  1.35353298e-08-1.01924767e-07j\n",
      "   1.46420175e-07-2.61618597e-07j  5.14228930e-08-5.23357436e-08j\n",
      "  -1.03900653e-08-7.19986973e-08j -1.68995834e-07-8.11324316e-08j\n",
      "   3.28086199e-08-3.51706225e-07j  1.31437194e-07+3.14203569e-08j\n",
      "  -6.98418668e-08-1.44384110e-08j  2.26627269e-07+7.40581013e-08j\n",
      "  -2.40397826e-07+8.74628135e-08j  1.72537818e-08+7.66999719e-08j\n",
      "   1.13372051e-07-1.27841986e-07j -2.59954130e-07+5.67197437e-08j\n",
      "   2.41436967e-07-4.37801430e-07j -1.49066761e-07-7.91433041e-09j\n",
      "  -1.84164161e-08-8.16650609e-08j]\n",
      " [ 3.97045290e-08-1.26789203e-08j  1.47493968e-07+3.08973123e-07j\n",
      "   2.50000187e-01+0.00000000e+00j  1.27274290e-07-2.14610348e-08j\n",
      "   2.64258647e-07+1.24957786e-07j -8.48703014e-08-7.55916530e-08j\n",
      "  -1.08534868e-07+4.70045696e-08j -1.46638454e-07+1.53670263e-08j\n",
      "  -4.41773109e-08-1.76938035e-08j -1.97158325e-07-6.02481180e-08j\n",
      "   2.50000322e-01+5.04588978e-09j  4.65644466e-08+4.75027596e-07j\n",
      "  -1.72777214e-07-2.87695070e-07j  4.58229155e-07+8.91625670e-08j\n",
      "   2.49999664e-01-1.71690275e-07j -8.75507681e-08+1.01921552e-07j\n",
      "   2.07974753e-07+3.04232100e-07j  1.39568147e-08+2.99863025e-08j\n",
      "   8.92865739e-07+4.12881556e-07j -6.56561079e-07+4.07165697e-07j\n",
      "  -3.72204417e-07-1.34764968e-07j  1.90904666e-07-2.85878291e-07j\n",
      "   2.49999209e-01+4.01014098e-08j  5.18160442e-07-5.25208094e-07j\n",
      "  -4.84569207e-07-3.29157734e-08j]\n",
      " [-4.23943778e-08-4.81680226e-08j  4.37615881e-08+1.40786629e-08j\n",
      "   1.27274290e-07+2.14610348e-08j  1.58577920e-07+0.00000000e+00j\n",
      "  -3.23032888e-08+9.63965783e-08j -8.61716679e-08+8.70449008e-08j\n",
      "   1.36508486e-08-2.57716268e-08j -7.32544785e-08-2.78768324e-08j\n",
      "   8.49414860e-08-7.61583667e-08j  3.35572358e-08+1.65818257e-08j\n",
      "   9.23474573e-08+1.26095245e-07j  1.98572102e-07-1.41277249e-07j\n",
      "  -1.40436418e-07+2.00430674e-07j  2.20012335e-07-3.05995840e-07j\n",
      "   3.13055481e-07+1.98539894e-07j  1.96433658e-09+7.23755956e-08j\n",
      "   2.21691838e-08+3.76062916e-08j  4.38901644e-08+1.72013609e-07j\n",
      "   8.37417428e-09+2.66775151e-08j  2.85494221e-07+2.33928817e-07j\n",
      "  -8.59681990e-08+4.27214003e-09j  4.42017293e-08-1.50012137e-07j\n",
      "   2.36585427e-07+1.72234018e-08j -3.60474061e-07+4.74357027e-08j\n",
      "   1.86295034e-07-7.16288463e-08j]\n",
      " [-7.58917718e-08-6.33601670e-08j  1.13757724e-07-1.07237022e-07j\n",
      "   2.64258647e-07-1.24957786e-07j -3.23032888e-08-9.63965783e-08j\n",
      "   1.36725977e-07+0.00000000e+00j  1.45052053e-08+3.70757974e-08j\n",
      "  -8.82125223e-08-6.18309447e-09j  8.50313022e-08-4.45864463e-08j\n",
      "  -9.76700024e-08-3.22798652e-08j  8.32726055e-08-6.14944105e-08j\n",
      "   5.75110586e-07-3.57183960e-07j -1.23026749e-07+1.05307366e-07j\n",
      "   6.79342292e-08-9.81468888e-08j -9.79665682e-08-3.63749100e-08j\n",
      "   4.88907770e-07-3.44450215e-07j  6.09290080e-09-1.42913268e-07j\n",
      "  -1.47870413e-08+1.24202246e-07j  2.47619997e-08+5.65410731e-08j\n",
      "  -1.74060811e-08+2.80977021e-08j -1.26229343e-07+4.24516785e-09j\n",
      "  -9.00638875e-08-5.58052043e-08j -6.33946199e-08-8.01524392e-08j\n",
      "   5.26361958e-07-3.30073740e-07j  5.55084134e-08+1.27502049e-07j\n",
      "  -2.35405356e-08+7.85600969e-08j]\n",
      " [ 5.45152641e-08-1.75562887e-08j -5.00483621e-08-1.79235356e-08j\n",
      "  -8.48703014e-08+7.55916530e-08j -8.61716679e-08-8.70449008e-08j\n",
      "   1.45052053e-08-3.70757974e-08j  1.58589250e-07+0.00000000e+00j\n",
      "   6.48870054e-08+5.09010385e-08j -5.30506174e-08-1.49879897e-07j\n",
      "   1.66031555e-07+2.87392213e-08j -1.14545240e-07-8.55000149e-08j\n",
      "   5.87096368e-08+7.31587461e-08j  1.18973762e-07+1.03342385e-07j\n",
      "  -9.37926519e-09+6.88842802e-08j  1.22570479e-07+1.84717576e-07j\n",
      "  -1.32142823e-07+8.98606861e-08j  4.84093992e-08+6.59391129e-08j\n",
      "   1.06755419e-07-1.29235724e-07j -9.61383783e-08+3.84259618e-08j\n",
      "   1.49034527e-07-1.51718051e-07j -1.52129865e-07+1.37097567e-09j\n",
      "   2.51736910e-08-2.68814298e-08j  2.37933117e-09+8.77192611e-09j\n",
      "   1.74049158e-07+7.71473978e-08j  3.95041318e-08+4.92045881e-09j\n",
      "  -1.33258164e-08+4.78260835e-08j]\n",
      " [ 3.13468862e-08+1.19734309e-08j -5.07085184e-08+1.07351748e-08j\n",
      "  -1.08534868e-07-4.70045696e-08j  1.36508486e-08+2.57716268e-08j\n",
      "  -8.82125223e-08+6.18309447e-09j  6.48870054e-08-5.09010385e-08j\n",
      "   6.80130182e-08+0.00000000e+00j  1.57105345e-07-7.82521595e-08j\n",
      "   5.45234260e-08-1.25557814e-07j  1.66382140e-07-6.48347169e-08j\n",
      "  -1.08311457e-07-6.50982428e-08j -1.53903979e-07+5.42209879e-08j\n",
      "   8.16927321e-09-2.01143605e-08j -1.25980471e-07+5.98845218e-09j\n",
      "  -1.07486354e-07+1.65224626e-08j  2.90557887e-08-1.50720388e-07j\n",
      "  -8.19605893e-08-1.60683646e-08j  1.18804416e-07-1.89953116e-07j\n",
      "  -1.02220180e-07-8.84008419e-09j  1.14146967e-07-9.41750371e-08j\n",
      "   6.12398935e-08-3.12243007e-08j -1.23187100e-07-1.09486162e-07j\n",
      "  -1.97557090e-08+7.25493930e-08j -7.41218617e-08-2.10042301e-09j\n",
      "   1.55999593e-08-2.64861365e-08j]\n",
      " [-1.61358407e-08+1.47206181e-08j -1.84114098e-08+2.81311467e-08j\n",
      "  -1.46638454e-07-1.53670263e-08j -7.32544785e-08+2.78768324e-08j\n",
      "   8.50313022e-08+4.45864463e-08j -5.30506174e-08+1.49879897e-07j\n",
      "   1.57105345e-07+7.82521595e-08j  2.96707727e-08+0.00000000e+00j\n",
      "   1.10884689e-07+1.59361412e-08j  4.36694860e-08+5.07703598e-08j\n",
      "  -2.19560749e-07+4.04050757e-08j -1.27347053e-07+3.50570294e-08j\n",
      "  -2.78518774e-09-1.26508753e-08j -6.22260422e-09+7.08518394e-08j\n",
      "  -3.61872533e-07+5.20278133e-08j  1.53863927e-07-7.49296348e-09j\n",
      "  -1.96991028e-08+4.34875442e-08j -1.57668616e-07-7.36407912e-08j\n",
      "   1.24780566e-07-7.43903105e-08j -7.34337897e-08+5.41567869e-08j\n",
      "   8.79375207e-08+6.11042538e-08j -5.34589904e-08+7.63255304e-08j\n",
      "  -1.23093394e-07+9.00504559e-08j  3.80089833e-08+5.45909112e-08j\n",
      "  -1.71955943e-07+8.40206320e-10j]\n",
      " [ 6.43909780e-08-3.11318483e-08j -8.79819517e-08-4.03921417e-08j\n",
      "  -4.41773109e-08+1.76938035e-08j  8.49414860e-08+7.61583667e-08j\n",
      "  -9.76700024e-08+3.22798652e-08j  1.66031555e-07-2.87392213e-08j\n",
      "   5.45234260e-08+1.25557814e-07j  1.10884689e-07-1.59361412e-08j\n",
      "   2.23305567e-07+0.00000000e+00j  5.63069673e-08+1.66913916e-07j\n",
      "  -1.24781337e-07+6.29036640e-09j -1.15357388e-07+1.43081138e-07j\n",
      "  -7.07921082e-08+9.43318480e-08j -1.21119955e-07+5.23283571e-09j\n",
      "  -6.32808052e-09+9.72799188e-08j  7.60700003e-08-9.38975468e-08j\n",
      "   1.73794800e-08+6.32505549e-08j  2.54751576e-07-2.44673330e-09j\n",
      "  -8.38638797e-08-5.29753091e-08j  9.52899832e-08-8.88233796e-08j\n",
      "  -3.24809969e-08+5.86660785e-08j  9.04952898e-09+2.16196407e-07j\n",
      "  -2.16332400e-09+3.80314483e-11j -1.96542321e-08+1.82133441e-07j\n",
      "   5.60346321e-09-1.20185536e-07j]\n",
      " [ 8.34505898e-09+1.49897489e-08j  1.35353298e-08+1.01924767e-07j\n",
      "  -1.97158325e-07+6.02481180e-08j  3.35572358e-08-1.65818257e-08j\n",
      "   8.32726055e-08+6.14944105e-08j -1.14545240e-07+8.55000149e-08j\n",
      "   1.66382140e-07+6.48347169e-08j  4.36694860e-08-5.07703598e-08j\n",
      "   5.63069673e-08-1.66913916e-07j  3.76775318e-08+0.00000000e+00j\n",
      "  -2.17999167e-07+1.30005673e-07j  8.01857458e-08+1.78147281e-08j\n",
      "   1.36517379e-07+5.55881833e-08j  8.84902923e-08+1.96510530e-07j\n",
      "  -4.59077169e-07+8.14244952e-08j  1.33094024e-08-1.62279926e-07j\n",
      "   9.42524106e-08-1.60727603e-07j -3.84672206e-07-1.18098574e-07j\n",
      "   2.27156099e-07-6.62869514e-08j  3.30825805e-08-1.01868328e-07j\n",
      "   1.71521530e-08+8.31580551e-08j -8.96979803e-08+7.11640034e-08j\n",
      "  -2.38896831e-07-1.34623152e-08j -5.97025237e-09+4.47053406e-08j\n",
      "  -4.54927105e-08-2.24018841e-08j]\n",
      " [ 1.31998306e-07-1.44302438e-07j  1.46420175e-07+2.61618597e-07j\n",
      "   2.50000322e-01-5.04588978e-09j  9.23474573e-08-1.26095245e-07j\n",
      "   5.75110586e-07+3.57183960e-07j  5.87096368e-08-7.31587461e-08j\n",
      "  -1.08311457e-07+6.50982428e-08j -2.19560749e-07-4.04050757e-08j\n",
      "  -1.24781337e-07-6.29036640e-09j -2.17999167e-07-1.30005673e-07j\n",
      "   2.50000393e-01+0.00000000e+00j  2.02564227e-07+4.80438136e-07j\n",
      "  -1.83472866e-07-2.52253277e-07j  5.19837647e-07-2.05603871e-07j\n",
      "   2.49999890e-01-1.28195165e-07j  7.28278117e-09+8.03714567e-08j\n",
      "   2.71130382e-07+2.75290565e-07j  4.24749377e-08+1.40809624e-07j\n",
      "   7.82227741e-07+4.07034530e-07j -6.68105940e-07+3.94650221e-07j\n",
      "  -1.07021324e-07-6.62780587e-08j  2.26084100e-07-4.07689707e-07j\n",
      "   2.49999251e-01+5.83956431e-08j  4.19645282e-07-5.46279229e-07j\n",
      "  -6.03565383e-07-6.99089166e-08j]\n",
      " [-5.82658153e-08-7.36345893e-08j  5.14228930e-08+5.23357436e-08j\n",
      "   4.65644466e-08-4.75027596e-07j  1.98572102e-07+1.41277249e-07j\n",
      "  -1.23026749e-07-1.05307366e-07j  1.18973762e-07-1.03342385e-07j\n",
      "  -1.53903979e-07-5.42209879e-08j -1.27347053e-07-3.50570294e-08j\n",
      "  -1.15357388e-07-1.43081138e-07j  8.01857458e-08-1.78147281e-08j\n",
      "   2.02564227e-07-4.80438136e-07j  8.25765123e-08+0.00000000e+00j\n",
      "  -2.50404804e-08+4.10109968e-08j -1.40892985e-07+6.15627046e-08j\n",
      "   2.11079929e-07-5.84090652e-07j  2.13864459e-08+6.58710670e-08j\n",
      "  -1.89392564e-07+7.68999953e-08j  2.20481687e-07-1.52599003e-07j\n",
      "  -1.24352480e-08-1.92964226e-09j  8.16518652e-08-4.77384483e-08j\n",
      "   4.50171977e-09-1.04396274e-07j -2.76301334e-07+4.92009768e-08j\n",
      "   2.10302150e-07-6.21725526e-07j -1.26514306e-07+5.31070031e-08j\n",
      "  -6.16747421e-09-1.85802317e-08j]\n",
      " [ 9.57848899e-08-2.16476989e-08j -1.03900653e-08+7.19986973e-08j\n",
      "  -1.72777214e-07+2.87695070e-07j -1.40436418e-07-2.00430674e-07j\n",
      "   6.79342292e-08+9.81468888e-08j -9.37926519e-09-6.88842802e-08j\n",
      "   8.16927321e-09+2.01143605e-08j -2.78518774e-09+1.26508753e-08j\n",
      "  -7.07921082e-08-9.43318480e-08j  1.36517379e-07-5.55881833e-08j\n",
      "  -1.83472866e-07+2.52253277e-07j -2.50404804e-08-4.10109968e-08j\n",
      "   1.94077129e-07+0.00000000e+00j  9.77220059e-08+1.00017209e-07j\n",
      "  -2.07453165e-07+2.09836893e-07j -1.26509769e-07+1.04403261e-07j\n",
      "  -5.41133426e-08-1.09116131e-07j  2.85187291e-08-9.52677832e-08j\n",
      "   9.89601245e-09-1.22666216e-07j -1.07408856e-07+2.65159088e-08j\n",
      "   1.44946126e-07-1.57581652e-07j  8.48896827e-08+1.05283774e-07j\n",
      "  -1.86196182e-07+3.00876519e-07j  8.98761974e-09-1.31580318e-07j\n",
      "   8.91258178e-08+8.06453885e-08j]\n",
      " [ 1.03247981e-07-4.38353350e-08j -1.68995834e-07+8.11324316e-08j\n",
      "   4.58229155e-07-8.91625670e-08j  2.20012335e-07+3.05995840e-07j\n",
      "  -9.79665682e-08+3.63749100e-08j  1.22570479e-07-1.84717576e-07j\n",
      "  -1.25980471e-07-5.98845218e-09j -6.22260422e-09-7.08518394e-08j\n",
      "  -1.21119955e-07-5.23283571e-09j  8.84902923e-08-1.96510530e-07j\n",
      "   5.19837647e-07+2.05603871e-07j -1.40892985e-07-6.15627046e-08j\n",
      "   9.77220059e-08-1.00017209e-07j -5.73196182e-08+0.00000000e+00j\n",
      "   5.18656859e-07+2.52748749e-07j  9.75322615e-08+1.22186698e-07j\n",
      "   3.81871120e-09-7.63631908e-09j  5.21810092e-07-2.73457449e-08j\n",
      "  -3.63360829e-07+1.66555714e-07j -4.73079898e-08+3.37745590e-08j\n",
      "   4.48408911e-08-1.34315529e-07j -2.89318119e-07+1.52919037e-07j\n",
      "   7.29935032e-07+8.36762516e-08j -3.43654355e-07+3.13297769e-08j\n",
      "  -1.72916525e-08-1.16496375e-07j]\n",
      " [ 1.90637637e-07-2.70390394e-08j  3.28086199e-08+3.51706225e-07j\n",
      "   2.49999664e-01+1.71690275e-07j  3.13055481e-07-1.98539894e-07j\n",
      "   4.88907770e-07+3.44450215e-07j -1.32142823e-07-8.98606861e-08j\n",
      "  -1.07486354e-07-1.65224626e-08j -3.61872533e-07-5.20278133e-08j\n",
      "  -6.32808052e-09-9.72799188e-08j -4.59077169e-07-8.14244952e-08j\n",
      "   2.49999890e-01+1.28195165e-07j  2.11079929e-07+5.84090652e-07j\n",
      "  -2.07453165e-07-2.09836893e-07j  5.18656859e-07-2.52748749e-07j\n",
      "   2.49999275e-01+0.00000000e+00j -1.03946080e-07+2.89499911e-07j\n",
      "   3.63060928e-07+3.22570141e-07j -1.82425900e-07-1.30766169e-07j\n",
      "   9.19552876e-07+4.50863764e-07j -8.15833453e-07+4.58062578e-07j\n",
      "  -3.26398400e-07-4.99027184e-08j  3.33393348e-07-3.92631039e-07j\n",
      "   2.49998560e-01+2.82705683e-07j  5.98619903e-07-4.23439565e-07j\n",
      "  -5.08490498e-07-7.07738091e-08j]\n",
      " [ 1.14781329e-08-5.65461880e-09j  1.31437194e-07-3.14203569e-08j\n",
      "  -8.75507681e-08-1.01921552e-07j  1.96433658e-09-7.23755956e-08j\n",
      "   6.09290080e-09+1.42913268e-07j  4.84093992e-08-6.59391129e-08j\n",
      "   2.90557887e-08+1.50720388e-07j  1.53863927e-07+7.49296348e-09j\n",
      "   7.60700003e-08+9.38975468e-08j  1.33094024e-08+1.62279926e-07j\n",
      "   7.28278117e-09-8.03714567e-08j  2.13864459e-08-6.58710670e-08j\n",
      "  -1.26509769e-07-1.04403261e-07j  9.75322615e-08-1.22186698e-07j\n",
      "  -1.03946080e-07-2.89499911e-07j  4.49255082e-07+0.00000000e+00j\n",
      "   3.66263635e-08+1.97875202e-07j -1.46760440e-07+7.09261114e-08j\n",
      "   3.76532171e-08-1.43148958e-07j -6.17378462e-08-2.72586537e-08j\n",
      "   2.03689816e-08+3.14588993e-08j  7.40105396e-08+1.01495763e-07j\n",
      "   2.00002747e-08-1.51926947e-07j  2.70861558e-07+1.76125196e-07j\n",
      "  -2.17627105e-07+1.72303651e-07j]\n",
      " [-4.27019407e-08+5.14038541e-08j -6.98418668e-08+1.44384110e-08j\n",
      "   2.07974753e-07-3.04232100e-07j  2.21691838e-08-3.76062916e-08j\n",
      "  -1.47870413e-08-1.24202246e-07j  1.06755419e-07+1.29235724e-07j\n",
      "  -8.19605893e-08+1.60683646e-08j -1.96991028e-08-4.34875442e-08j\n",
      "   1.73794800e-08-6.32505549e-08j  9.42524106e-08+1.60727603e-07j\n",
      "   2.71130382e-07-2.75290565e-07j -1.89392564e-07-7.68999953e-08j\n",
      "  -5.41133426e-08+1.09116131e-07j  3.81871120e-09+7.63631908e-09j\n",
      "   3.63060928e-07-3.22570141e-07j  3.66263635e-08-1.97875202e-07j\n",
      "   1.61115416e-07+0.00000000e+00j  2.23299184e-07+1.25046041e-07j\n",
      "  -1.07350932e-08+2.08164661e-07j  6.36863164e-09-2.02073659e-07j\n",
      "  -8.54291534e-09+5.59729893e-08j -8.97463737e-08-8.54327267e-08j\n",
      "   3.21744774e-07-3.01994426e-07j  9.72370917e-08+1.69167882e-08j\n",
      "   1.87783511e-08-1.24653845e-07j]\n",
      " [ 8.17410711e-08-5.14783494e-08j  2.26627269e-07-7.40581013e-08j\n",
      "   1.39568147e-08-2.99863025e-08j  4.38901644e-08-1.72013609e-07j\n",
      "   2.47619997e-08-5.65410731e-08j -9.61383783e-08-3.84259618e-08j\n",
      "   1.18804416e-07+1.89953116e-07j -1.57668616e-07+7.36407912e-08j\n",
      "   2.54751576e-07+2.44673330e-09j -3.84672206e-07+1.18098574e-07j\n",
      "   4.24749377e-08-1.40809624e-07j  2.20481687e-07+1.52599003e-07j\n",
      "   2.85187291e-08+9.52677832e-08j  5.21810092e-07+2.73457449e-08j\n",
      "  -1.82425900e-07+1.30766169e-07j -1.46760440e-07-7.09261114e-08j\n",
      "   2.23299184e-07-1.25046041e-07j -7.90391568e-07+0.00000000e+00j\n",
      "   2.21602294e-07-2.49995062e-07j -3.26787788e-07+1.34505580e-07j\n",
      "  -4.68173024e-08+8.23279836e-08j  1.70251043e-07-1.60435491e-09j\n",
      "   6.79664925e-09-8.08108421e-08j -3.51749776e-08-1.63165091e-07j\n",
      "  -8.49060861e-10-2.90054785e-08j]\n",
      " [ 2.70619097e-08-7.59533754e-08j -2.40397826e-07-8.74628135e-08j\n",
      "   8.92865739e-07-4.12881556e-07j  8.37417428e-09-2.66775151e-08j\n",
      "  -1.74060811e-08-2.80977021e-08j  1.49034527e-07+1.51718051e-07j\n",
      "  -1.02220180e-07+8.84008419e-09j  1.24780566e-07+7.43903105e-08j\n",
      "  -8.38638797e-08+5.29753091e-08j  2.27156099e-07+6.62869514e-08j\n",
      "   7.82227741e-07-4.07034530e-07j -1.24352480e-08+1.92964226e-09j\n",
      "   9.89601245e-09+1.22666216e-07j -3.63360829e-07-1.66555714e-07j\n",
      "   9.19552876e-07-4.50863764e-07j  3.76532171e-08+1.43148958e-07j\n",
      "  -1.07350932e-08-2.08164661e-07j  2.21602294e-07+2.49995062e-07j\n",
      "  -7.31924615e-08+0.00000000e+00j  1.25683799e-07-7.72327312e-08j\n",
      "  -8.23253109e-09+9.16885629e-08j  9.09890541e-08-1.55337594e-07j\n",
      "   8.70754807e-07-2.91054954e-07j  6.18348999e-08+6.07107415e-08j\n",
      "  -6.24181883e-08+6.61473315e-08j]\n",
      " [-6.47084430e-08-1.69778227e-08j  1.72537818e-08-7.66999719e-08j\n",
      "  -6.56561079e-07-4.07165697e-07j  2.85494221e-07-2.33928817e-07j\n",
      "  -1.26229343e-07-4.24516785e-09j -1.52129865e-07-1.37097567e-09j\n",
      "   1.14146967e-07+9.41750371e-08j -7.34337897e-08-5.41567869e-08j\n",
      "   9.52899832e-08+8.88233796e-08j  3.30825805e-08+1.01868328e-07j\n",
      "  -6.68105940e-07-3.94650221e-07j  8.16518652e-08+4.77384483e-08j\n",
      "  -1.07408856e-07-2.65159088e-08j -4.73079898e-08-3.37745590e-08j\n",
      "  -8.15833453e-07-4.58062578e-07j -6.17378462e-08+2.72586537e-08j\n",
      "   6.36863164e-09+2.02073659e-07j -3.26787788e-07-1.34505580e-07j\n",
      "   1.25683799e-07+7.72327312e-08j  2.37421976e-07+0.00000000e+00j\n",
      "   2.73840310e-08+1.93935821e-07j  3.79097624e-08+4.71936777e-08j\n",
      "  -5.97466949e-07-4.12607221e-07j  5.12978991e-07+2.20465814e-08j\n",
      "  -1.71775367e-07+7.77205655e-08j]\n",
      " [ 3.88158464e-08-2.84756636e-08j  1.13372051e-07+1.27841986e-07j\n",
      "  -3.72204417e-07+1.34764968e-07j -8.59681990e-08-4.27214003e-09j\n",
      "  -9.00638875e-08+5.58052043e-08j  2.51736910e-08+2.68814298e-08j\n",
      "   6.12398935e-08+3.12243007e-08j  8.79375207e-08-6.11042538e-08j\n",
      "  -3.24809969e-08-5.86660785e-08j  1.71521530e-08-8.31580551e-08j\n",
      "  -1.07021324e-07+6.62780587e-08j  4.50171977e-09+1.04396274e-07j\n",
      "   1.44946126e-07+1.57581652e-07j  4.48408911e-08+1.34315529e-07j\n",
      "  -3.26398400e-07+4.99027184e-08j  2.03689816e-08-3.14588993e-08j\n",
      "  -8.54291534e-09-5.59729893e-08j -4.68173024e-08-8.23279836e-08j\n",
      "  -8.23253109e-09-9.16885629e-08j  2.73840310e-08-1.93935821e-07j\n",
      "   4.11555913e-07+0.00000000e+00j -3.15206532e-08+1.28899526e-07j\n",
      "  -1.60010890e-07+1.19916104e-07j -1.23473185e-07+8.35159871e-09j\n",
      "  -1.97286073e-08-9.96625624e-08j]\n",
      " [-1.59134672e-09+5.73336986e-08j -2.59954130e-07-5.67197437e-08j\n",
      "   1.90904666e-07+2.85878291e-07j  4.42017293e-08+1.50012137e-07j\n",
      "  -6.33946199e-08+8.01524392e-08j  2.37933117e-09-8.77192611e-09j\n",
      "  -1.23187100e-07+1.09486162e-07j -5.34589904e-08-7.63255304e-08j\n",
      "   9.04952898e-09-2.16196407e-07j -8.96979803e-08-7.11640034e-08j\n",
      "   2.26084100e-07+4.07689707e-07j -2.76301334e-07-4.92009768e-08j\n",
      "   8.48896827e-08-1.05283774e-07j -2.89318119e-07-1.52919037e-07j\n",
      "   3.33393348e-07+3.92631039e-07j  7.40105396e-08-1.01495763e-07j\n",
      "  -8.97463737e-08+8.54327267e-08j  1.70251043e-07+1.60435491e-09j\n",
      "   9.09890541e-08+1.55337594e-07j  3.79097624e-08-4.71936777e-08j\n",
      "  -3.15206532e-08-1.28899526e-07j -9.58502614e-08+0.00000000e+00j\n",
      "   3.94068744e-07+4.15250519e-07j  4.43702357e-08+5.55412077e-08j\n",
      "  -1.60814633e-07+9.04928642e-08j]\n",
      " [ 1.33320647e-07-5.44563751e-08j  2.41436967e-07+4.37801430e-07j\n",
      "   2.49999209e-01-4.01014098e-08j  2.36585427e-07-1.72234018e-08j\n",
      "   5.26361958e-07+3.30073740e-07j  1.74049158e-07-7.71473978e-08j\n",
      "  -1.97557090e-08-7.25493930e-08j -1.23093394e-07-9.00504559e-08j\n",
      "  -2.16332400e-09-3.80314483e-11j -2.38896831e-07+1.34623152e-08j\n",
      "   2.49999251e-01-5.83956431e-08j  2.10302150e-07+6.21725526e-07j\n",
      "  -1.86196182e-07-3.00876519e-07j  7.29935032e-07-8.36762516e-08j\n",
      "   2.49998560e-01-2.82705683e-07j  2.00002747e-08+1.51926947e-07j\n",
      "   3.21744774e-07+3.01994426e-07j  6.79664925e-09+8.08108421e-08j\n",
      "   8.70754807e-07+2.91054954e-07j -5.97466949e-07+4.12607221e-07j\n",
      "  -1.60010890e-07-1.19916104e-07j  3.94068744e-07-4.15250519e-07j\n",
      "   2.49998283e-01+0.00000000e+00j  3.32786748e-07-4.74616141e-07j\n",
      "  -5.28848917e-07-1.48694818e-07j]\n",
      " [ 7.81956140e-08+3.40225392e-08j -1.49066761e-07+7.91433041e-09j\n",
      "   5.18160442e-07+5.25208094e-07j -3.60474061e-07-4.74357027e-08j\n",
      "   5.55084134e-08-1.27502049e-07j  3.95041318e-08-4.92045881e-09j\n",
      "  -7.41218617e-08+2.10042301e-09j  3.80089833e-08-5.45909112e-08j\n",
      "  -1.96542321e-08-1.82133441e-07j -5.97025237e-09-4.47053406e-08j\n",
      "   4.19645282e-07+5.46279229e-07j -1.26514306e-07-5.31070031e-08j\n",
      "   8.98761974e-09+1.31580318e-07j -3.43654355e-07-3.13297769e-08j\n",
      "   5.98619903e-07+4.23439565e-07j  2.70861558e-07-1.76125196e-07j\n",
      "   9.72370917e-08-1.69167882e-08j -3.51749776e-08+1.63165091e-07j\n",
      "   6.18348999e-08-6.07107415e-08j  5.12978991e-07-2.20465814e-08j\n",
      "  -1.23473185e-07-8.35159871e-09j  4.43702357e-08-5.55412077e-08j\n",
      "   3.32786748e-07+4.74616141e-07j -1.63516430e-07+0.00000000e+00j\n",
      "  -8.51992052e-08-2.83268900e-07j]\n",
      " [-4.51721759e-08+7.49960853e-08j -1.84164161e-08+8.16650609e-08j\n",
      "  -4.84569207e-07+3.29157734e-08j  1.86295034e-07+7.16288463e-08j\n",
      "  -2.35405356e-08-7.85600969e-08j -1.33258164e-08-4.78260835e-08j\n",
      "   1.55999593e-08+2.64861365e-08j -1.71955943e-07-8.40206320e-10j\n",
      "   5.60346321e-09+1.20185536e-07j -4.54927105e-08+2.24018841e-08j\n",
      "  -6.03565383e-07+6.99089166e-08j -6.16747421e-09+1.85802317e-08j\n",
      "   8.91258178e-08-8.06453885e-08j -1.72916525e-08+1.16496375e-07j\n",
      "  -5.08490498e-07+7.07738091e-08j -2.17627105e-07-1.72303651e-07j\n",
      "   1.87783511e-08+1.24653845e-07j -8.49060861e-10+2.90054785e-08j\n",
      "  -6.24181883e-08-6.61473315e-08j -1.71775367e-07-7.77205655e-08j\n",
      "  -1.97286073e-08+9.96625624e-08j -1.60814633e-07-9.04928642e-08j\n",
      "  -5.28848917e-07+1.48694818e-07j -8.51992052e-08+2.83268900e-07j\n",
      "   6.82362298e-07+0.00000000e+00j]]\n",
      "迭代的次数 = 1\n",
      "测量次数 = 1\n",
      "N = 5\n",
      "总用时 Iteration 1: 3.8461 seconds\n",
      "采样所用时间 Iteration 1: 0.0007 seconds\n",
      "生成W函数时间 Iteration 1: 0.0006 seconds\n",
      "矩阵A用时 Iteration 1: 0.1046 seconds\n",
      "cvx求解用时 Iteration 1: 3.7215 seconds\n",
      "保真度 1 0.999999002251173\n"
     ]
    },
    {
     "name": "stderr",
     "output_type": "stream",
     "text": [
      "100%|██████████| 15/15 [00:00<00:00, 180.21it/s]\n"
     ]
    },
    {
     "name": "stdout",
     "output_type": "stream",
     "text": [
      "===============================================================================\n",
      "                                     CVXPY                                     \n",
      "                                     v1.6.0                                    \n",
      "===============================================================================\n",
      "(CVXPY) Dec 11 04:26:51 PM: Your problem has 1296 variables, 1297 constraints, and 0 parameters.\n",
      "(CVXPY) Dec 11 04:26:51 PM: It is compliant with the following grammars: DCP, DQCP\n",
      "(CVXPY) Dec 11 04:26:51 PM: (If you need to solve this problem multiple times, but with different data, consider using parameters.)\n",
      "(CVXPY) Dec 11 04:26:51 PM: CVXPY will first compile your problem; then, it will invoke a numerical solver to obtain a solution.\n",
      "(CVXPY) Dec 11 04:26:51 PM: Your problem is compiled with the CPP canonicalization backend.\n",
      "-------------------------------------------------------------------------------\n",
      "                                  Compilation                                  \n",
      "-------------------------------------------------------------------------------\n",
      "(CVXPY) Dec 11 04:26:51 PM: Compiling problem (target solver=SCS).\n",
      "(CVXPY) Dec 11 04:26:51 PM: Reduction chain: EvalParams -> Complex2Real -> Dcp2Cone -> CvxAttr2Constr -> ConeMatrixStuffing -> SCS\n",
      "(CVXPY) Dec 11 04:26:51 PM: Applying reduction EvalParams\n",
      "(CVXPY) Dec 11 04:26:51 PM: Applying reduction Complex2Real\n",
      "(CVXPY) Dec 11 04:26:51 PM: Applying reduction Dcp2Cone\n",
      "(CVXPY) Dec 11 04:26:51 PM: Applying reduction CvxAttr2Constr\n",
      "(CVXPY) Dec 11 04:26:51 PM: Applying reduction ConeMatrixStuffing\n",
      "(CVXPY) Dec 11 04:26:53 PM: Applying reduction SCS\n",
      "(CVXPY) Dec 11 04:26:55 PM: Finished problem compilation (took 3.592e+00 seconds).\n",
      "-------------------------------------------------------------------------------\n",
      "                                Numerical solver                               \n",
      "-------------------------------------------------------------------------------\n",
      "(CVXPY) Dec 11 04:26:55 PM: Invoking solver SCS  to obtain a solution.\n",
      "------------------------------------------------------------------\n",
      "\t       SCS v3.2.9 - Splitting Conic Solver\n",
      "\t(c) Brendan O'Donoghue, Stanford University, 2012\n",
      "------------------------------------------------------------------\n",
      "problem:  variables n: 4297, constraints m: 14630\n",
      "cones: \t  z: primal zero / dual free vars: 1\n",
      "\t  q: soc vars: 12001, qsize: 3001\n",
      "\t  s: psd vars: 2628, ssize: 1\n",
      "settings: eps_abs: 1.0e-05, eps_rel: 1.0e-05, eps_infeas: 1.0e-07\n",
      "\t  alpha: 1.50, scale: 1.00e-01, adaptive_scale: 1\n",
      "\t  max_iters: 100000, normalize: 1, rho_x: 1.00e-06\n",
      "\t  acceleration_lookback: 10, acceleration_interval: 10\n",
      "lin-sys:  sparse-direct-amd-qdldl\n",
      "\t  nnz(A): 7439886, nnz(P): 0\n",
      "------------------------------------------------------------------\n",
      " iter | pri res | dua res |   gap   |   obj   |  scale  | time (s)\n",
      "------------------------------------------------------------------\n",
      "     0| 2.00e+01  1.00e+00  2.01e+01 -9.95e+00  1.00e-01  7.24e+00 \n",
      "    25| 1.30e-05  3.51e-06  9.12e-06  5.33e-06  1.00e-01  7.64e+00 \n",
      "------------------------------------------------------------------\n",
      "status:  solved\n",
      "timings: total: 7.64e+00s = setup: 7.19e+00s + solve: 4.44e-01s\n",
      "\t lin-sys: 3.81e-01s, cones: 1.80e-02s, accel: 1.50e-04s\n",
      "------------------------------------------------------------------\n",
      "objective = 0.000005\n",
      "------------------------------------------------------------------\n",
      "-------------------------------------------------------------------------------\n",
      "                                    Summary                                    \n",
      "-------------------------------------------------------------------------------\n",
      "(CVXPY) Dec 11 04:27:02 PM: Problem status: optimal\n",
      "(CVXPY) Dec 11 04:27:02 PM: Optimal value: 7.946e-05\n",
      "(CVXPY) Dec 11 04:27:02 PM: Compilation took 3.592e+00 seconds\n",
      "(CVXPY) Dec 11 04:27:02 PM: Solver (including time spent in interface) took 7.686e+00 seconds\n",
      "solve time: 11.305640935897827\n",
      "status: optimal\n",
      "optimal value 7.946193785669041e-05\n",
      "fidelity: 0.9999974915458767\n",
      "rho_reconstruct Quantum object: dims=[[6, 6], [6, 6]], shape=(36, 36), type='oper', dtype=Dense, isherm=True\n",
      "Qobj data =\n",
      "[[-3.60321383e-08+0.00000000e+00j  5.25425177e-07+4.38479352e-07j\n",
      "   3.99141661e-07-1.47127056e-07j ... -8.77649572e-07-5.80206452e-07j\n",
      "   9.31457928e-07+2.53658402e-07j  7.85990671e-07+1.16726875e-07j]\n",
      " [ 5.25425177e-07-4.38479352e-07j  7.21397886e-07+0.00000000e+00j\n",
      "   3.39038841e-07+3.66622916e-07j ... -1.72351901e-07+1.19694144e-06j\n",
      "   2.61568145e-06+8.08491725e-07j -4.60926070e-07-9.65916651e-08j]\n",
      " [ 3.99141661e-07+1.47127056e-07j  3.39038841e-07-3.66622916e-07j\n",
      "   2.50001461e-01+0.00000000e+00j ... -3.66260383e-06-3.69935020e-06j\n",
      "  -1.86160813e-06+9.12784748e-06j  1.70220645e-05+6.67618959e-06j]\n",
      " ...\n",
      " [-8.77649572e-07+5.80206452e-07j -1.72351901e-07-1.19694144e-06j\n",
      "  -3.66260383e-06+3.69935020e-06j ...  5.20309947e-07+0.00000000e+00j\n",
      "   9.68600509e-07+4.66721814e-07j -3.71298537e-07-2.57088262e-07j]\n",
      " [ 9.31457928e-07-2.53658402e-07j  2.61568145e-06-8.08491725e-07j\n",
      "  -1.86160813e-06-9.12784748e-06j ...  9.68600509e-07-4.66721814e-07j\n",
      "   1.45395756e-07+0.00000000e+00j  6.85265709e-07-1.17999891e-07j]\n",
      " [ 7.85990671e-07-1.16726875e-07j -4.60926070e-07+9.65916651e-08j\n",
      "   1.70220645e-05-6.67618959e-06j ... -3.71298537e-07+2.57088262e-07j\n",
      "   6.85265709e-07+1.17999891e-07j  9.53217248e-07+0.00000000e+00j]]\n",
      "迭代的次数 = 2\n",
      "测量次数 = 1\n",
      "N = 6\n",
      "总用时 Iteration 2: 11.8529 seconds\n",
      "采样所用时间 Iteration 2: 0.0003 seconds\n",
      "生成W函数时间 Iteration 2: 0.1419 seconds\n",
      "矩阵A用时 Iteration 2: 0.1593 seconds\n",
      "cvx求解用时 Iteration 2: 11.3056 seconds\n",
      "保真度 2 0.9999974915458767\n"
     ]
    },
    {
     "name": "stderr",
     "output_type": "stream",
     "text": [
      "100%|██████████| 15/15 [00:00<00:00, 180.65it/s]\n"
     ]
    },
    {
     "name": "stdout",
     "output_type": "stream",
     "text": [
      "===============================================================================\n",
      "                                     CVXPY                                     \n",
      "                                     v1.6.0                                    \n",
      "===============================================================================\n",
      "(CVXPY) Dec 11 04:27:03 PM: Your problem has 2401 variables, 2402 constraints, and 0 parameters.\n",
      "(CVXPY) Dec 11 04:27:03 PM: It is compliant with the following grammars: DCP, DQCP\n",
      "(CVXPY) Dec 11 04:27:03 PM: (If you need to solve this problem multiple times, but with different data, consider using parameters.)\n",
      "(CVXPY) Dec 11 04:27:03 PM: CVXPY will first compile your problem; then, it will invoke a numerical solver to obtain a solution.\n",
      "(CVXPY) Dec 11 04:27:03 PM: Your problem is compiled with the CPP canonicalization backend.\n",
      "-------------------------------------------------------------------------------\n",
      "                                  Compilation                                  \n",
      "-------------------------------------------------------------------------------\n",
      "(CVXPY) Dec 11 04:27:03 PM: Compiling problem (target solver=SCS).\n",
      "(CVXPY) Dec 11 04:27:03 PM: Reduction chain: EvalParams -> Complex2Real -> Dcp2Cone -> CvxAttr2Constr -> ConeMatrixStuffing -> SCS\n",
      "(CVXPY) Dec 11 04:27:03 PM: Applying reduction EvalParams\n",
      "(CVXPY) Dec 11 04:27:03 PM: Applying reduction Complex2Real\n",
      "(CVXPY) Dec 11 04:27:03 PM: Applying reduction Dcp2Cone\n",
      "(CVXPY) Dec 11 04:27:03 PM: Applying reduction CvxAttr2Constr\n",
      "(CVXPY) Dec 11 04:27:03 PM: Applying reduction ConeMatrixStuffing\n",
      "(CVXPY) Dec 11 04:27:08 PM: Applying reduction SCS\n",
      "(CVXPY) Dec 11 04:27:10 PM: Finished problem compilation (took 7.323e+00 seconds).\n",
      "-------------------------------------------------------------------------------\n",
      "                                Numerical solver                               \n",
      "-------------------------------------------------------------------------------\n",
      "(CVXPY) Dec 11 04:27:10 PM: Invoking solver SCS  to obtain a solution.\n",
      "------------------------------------------------------------------\n",
      "\t       SCS v3.2.9 - Splitting Conic Solver\n",
